0 
184 
63 
265 
191 
157 
114 
293 
269 
244 
57 
281 
232 
168 
99 
4 
29 
119 
48 
54 
323 
146 
39 
1 
2 
123 
174 
187 
197 
198 
54 
217 
147 
115 
18 
199 
256 
262 
170 
98 
287 
238 
313 
303 
176 
46 
151 
77 
282 
68 
255 
276 
326 
327 
200 
128 
87 
97 
275 
7 
123 
30 
221 
18 
2 
301 
90 
89 
192 
226 
274 
238 
158 
67 
243 
153 
150 
311 
243 
35 
196 
126 
240 
199 
187 
118 
49 
73 
139 
263 
169 
324 
246 
113 
55 
215 
161 
20 
229 
165 
48 
311 
46 
296 
227 
99 
139 
23 
316 
223 
50 
287 
269 
190 
62 
58 
267 
155 
50 
165 
239 
132 
91 
186 
223 
247 
236 
155 
40 
120 
273 
11 
169 
217 
139 
34 
311 
301 
180 
113 
154 
122 
277 
103 
149 
89 
322 
97 
242 
185 
64 
249 
275 
130 
164 
291 
9 
325 
187 
16 
174 
63 
276 
205 
215 
64 
275 
40 
36 
243 
102 
308 
93 
110 
45 
240 
273 
231 
196 
244 
82 
47 
0 
19 
264 
279 
69 
37 
181 
4 
37 
148 
246 
224 
178 
24 
143 
66 
228 
95 
143 
76 
189 
174 
206 
52 
165 
315 
227 
303 
62 
110 
58 
326 
149 
327 
31 
204 
30 
143 
305 
15 
293 
95 
74 
252 
134 
66 
205 
197 
147 
152 
195 
207 
280 
271 
204 
236 
185 
122 
60 
241 
181 
296 
79 
61 
198 
228 
191 
115 
162 
26 
242 
200 
203 
226 
263 
48 
188 
284 
298 
201 
238 
14 
218 
319 
103 
186 
100 
56 
35 
284 
278 
243 
50 
107 
26 
25 
210 
268 
178 
146 
134 
97 
152 
164 
50 
105 
241 
102 
270 
314 
286 
237 
98 
309 
41 
21 
257 
171 
199 
313 
23 
286 
214 
105 
34 
165 
74 
95 
301 
180 
217 
37 
161 
124 
162 
259 
166 
125 
225 
174 
198 
129 
1 
231 
32 
204 
282 
161 
244 
162 
124 
257 
181 
117 
313 
206 
57 
122 
43 
243 
311 
200 
9 
108 
18 
209 
43 
277 
283 
195 
236 
279 
4 
41 
231 
202 
71 
21 
55 
204 
111 
104 
120 
216 
262 
264 
172 
200 
261 
295 
47 
206 
131 
83 
44 
280 
21 
140 
187 
99 
179 
73 
102 
36 
264 
44 
93 
258 
293 
258 
243 
201 
118 
280 
74 
282 
75 
81 
177 
322 
17 
26 
171 
139 
31 
84 
292 
76 
48 
40 
305 
26 
15 
19 
110 
299 
130 
141 
310 
274 
175 
275 
227 
130 
84 
1 
172 
312 
130 
79 
191 
83 
224 
309 
142 
291 
2 
308 
197 
257 
188 
46 
72 
125 
1 
136 
26 
216 
280 
21 
265 
216 
226 
263 
173 
224 
46 
225 
238 
254 
10 
284 
211 
231 
28 
180 
310 
19 
90 
47 
321 
203 
95 
302 
120 
227 
71 
51 
78 
170 
295 
34 
295 
144 
26 
256 
56 
319 
254 
285 
69 
149 
1 
245 
37 
132 
101 
325 
12 
82 
62 
81 
50 
203 
290 
307 
64 
255 
211 
215 
297 
149 
301 
217 
49 
208 
186 
138 
309 
177 
189 
175 
83 
130 
114 
12 
260 
64 
23 
127 
193 
23 
64 
51 
211 
148 
198 
228 
144 
224 
129 
273 
194 
65 
311 
287 
128 
323 
60 
293 
188 
144 
205 
232 
16 
93 
85 
133 
293 
232 
238 
293 
128 
130 
296 
101 
127 
186 
115 
240 
244 
241 
242 
45 
65 
89 
222 
298 
120 
169 
35 
297 
66 
169 
214 
143 
225 
29 
26 
24 
9 
116 
100 
228 
46 
129 
22 
221 
237 
65 
227 
201 
214 
178 
32 
178 
16 
319 
152 
317 
238 
173 
222 
227 
121 
127 
16 
265 
55 
19 
101 
257 
69 
105 
158 
3 
144 
166 
198 
248 
131 
114 
276 
308 
204 
326 
17 
184 
282 
126 
100 
93 
8 
200 
128 
6 
10 
149 
281 
306 
131 
238 
200 
264 
286 
190 
194 
25 
259 
151 
193 
193 
186 
267 
220 
112 
3 
87 
111 
76 
252 
121 
285 
38 
237 
206 
292 
59 
175 
295 
255 
316 
64 
295 
261 
312 
278 
291 
206 
60 
202 
86 
82 
239 
258 
56 
233 
157 
26 
264 
280 
40 
100 
187 
154 
249 
62 
238 
326 
5 
212 
226 
57 
23 
90 
221 
274 
182 
121 
255 
76 
209 
75 
67 
318 
92 
7 
252 
49 
15 
3 
114 
210 
112 
135 
136 
29 
178 
229 
110 
215 
287 
175 
186 
17 
152 
85 
139 
282 
159 
28 
185 
232 
255 
283 
278 
96 
283 
211 
244 
271 
250 
285 
297 
299 
171 
144 
35 
116 
269 
140 
55 
0 
215 
253 
20 
29 
126 
224 
264 
50 
46 
15 
113 
6 
320 
212 
17 
299 
208 
141 
6 
79 
128 
214 
256 
7 
270 
45 
207 
180 
322 
151 
70 
98 
256 
112 
157 
199 
33 
322 
247 
49 
149 
233 
327 
254 
210 
203 
310 
225 
94 
185 
95 
179 
233 
80 
179 
161 
311 
219 
250 
204 
146 
261 
244 
324 
67 
206 
298 
193 
300 
165 
160 
147 
291 
308 
59 
82 
66 
239 
308 
204 
13 
210 
11 
182 
178 
146 
20 
326 
41 
196 
16 
56 
216 
108 
103 
214 
134 
140 
72 
222 
54 
163 
166 
263 
142 
1 
111 
123 
42 
271 
240 
292 
210 
213 
168 
240 
241 
313 
152 
119 
36 
296 
269 
149 
35 
284 
249 
12 
136 
306 
22 
54 
69 
38 
193 
38 
202 
190 
226 
239 
300 
219 
97 
265 
123 
326 
253 
66 
55 
127 
59 
190 
64 
314 
62 
125 
99 
39 
64 
15 
252 
249 
288 
0 
147 
139 
262 
151 
162 
245 
78 
183 
30 
302 
292 
280 
19 
160 
207 
244 
247 
83 
298 
259 
65 
181 
16 
171 
258 
230 
7 
239 
181 
299 
286 
261 
100 
129 
157 
17 
213 
0 
251 
247 
72 
50 
18 
219 
10 
113 
228 
261 
142 
321 
208 
96 
156 
286 
25 
33 
46 
46 
300 
101 
122 
266 
15 
266 
78 
294 
84 
88 
68 
75 
277 
286 
290 
276 
199 
13 
56 
60 
116 
147 
60 
293 
204 
179 
298 
171 
239 
327 
317 
284 
275 
48 
122 
93 
56 
319 
243 
234 
10 
211 
266 
241 
268 
40 
235 
122 
212 
299 
291 
10 
253 
147 
2 
74 
137 
51 
301 
164 
79 
247 
297 
69 
10 
252 
74 
182 
264 
279 
108 
176 
324 
284 
211 
74 
266 
121 
120 
11 
183 
130 
39 
106 
294 
66 
308 
40 
278 
292 
146 
72 
207 
183 
204 
138 
5 
283 
45 
87 
95 
223 
183 
314 
198 
258 
138 
268 
242 
44 
169 
6 
2 
245 
109 
295 
151 
251 
16 
206 
7 
223 
317 
163 
231 
87 
269 
211 
195 
86 
276 
150 
245 
115 
4 
156 
205 
132 
125 
9 
94 
195 
289 
141 
305 
125 
174 
3 
319 
283 
143 
229 
109 
197 
163 
183 
12 
123 
76 
307 
281 
315 
199 
191 
25 
133 
100 
163 
26 
286 
99 
256 
305 
192 
70 
91 
183 
286 
81 
98 
238 
283 
75 
62 
146 
291 
188 
9 
326 
19 
202 
84 
55 
38 
75 
162 
314 
16 
26 
110 
91 
168 
160 
135 
303 
196 
95 
155 
131 
311 
179 
273 
260 
262 
194 
285 
104 
307 
87 
309 
235 
41 
253 
154 
57 
8 
13 
149 
282 
44 
4 
69 
268 
261 
255 
215 
97 
256 
301 
275 
79 
163 
7 
24 
10 
116 
234 
134 
59 
97 
59 
244 
44 
19 
172 
117 
264 
52 
294 
43 
9 
59 
268 
81 
187 
113 
176 
217 
285 
305 
309 
34 
50 
182 
262 
293 
23 
285 
269 
127 
179 
220 
147 
92 
311 
321 
238 
194 
89 
43 
64 
196 
159 
116 
75 
156 
226 
310 
219 
321 
77 
168 
77 
294 
158 
106 
176 
187 
110 
114 
55 
95 
71 
302 
242 
264 
213 
225 
88 
251 
21 
236 
281 
111 
14 
158 
6 
274 
202 
177 
197 
186 
254 
209 
228 
249 
284 
51 
138 
257 
7 
143 
13 
165 
88 
22 
80 
321 
165 
201 
23 
120 
313 
281 
110 
79 
94 
16 
325 
56 
22 
72 
98 
257 
212 
27 
86 
44 
71 
184 
58 
207 
35 
148 
248 
109 
18 
92 
227 
286 
185 
284 
26 
260 
327 
208 
202 
194 
194 
63 
320 
75 
13 
78 
83 
133 
260 
89 
294 
124 
238 
67 
17 
198 
115 
118 
218 
319 
73 
293 
113 
312 
217 
66 
92 
116 
174 
95 
72 
32 
34 
232 
276 
220 
268 
1 
161 
198 
306 
95 
198 
244 
286 
298 
272 
198 
99 
256 
49 
177 
225 
129 
325 
33 
134 
8 
225 
84 
55 
74 
61 
282 
250 
15 
158 
18 
314 
27 
185 
315 
188 
287 
133 
132 
135 
215 
269 
309 
92 
0 
201 
16 
214 
138 
312 
197 
65 
135 
111 
204 
264 
1 
34 
129 
90 
103 
270 
279 
102 
64 
185 
153 
326 
141 
120 
137 
126 
190 
287 
110 
128 
311 
166 
137 
199 
254 
27 
49 
68 
28 
103 
154 
206 
109 
25 
201 
46 
91 
270 
143 
325 
72 
35 
170 
86 
2 
188 
252 
35 
317 
121 
296 
170 
72 
99 
156 
101 
135 
250 
275 
127 
140 
237 
240 
29 
26 
246 
277 
208 
117 
155 
30 
136 
61 
112 
299 
75 
101 
50 
111 
59 
89 
67 
56 
109 
21 
164 
315 
265 
146 
299 
58 
157 
154 
229 
81 
306 
90 
98 
269 
268 
206 
260 
2 
85 
94 
312 
281 
169 
231 
83 
301 
160 
30 
270 
25 
92 
125 
210 
168 
141 
46 
319 
24 
1 
299 
134 
247 
61 
33 
138 
222 
172 
270 
274 
88 
163 
285 
48 
318 
176 
72 
21 
67 
64 
63 
65 
313 
194 
242 
96 
222 
257 
301 
304 
276 
84 
34 
20 
296 
48 
292 
117 
313 
125 
108 
224 
290 
124 
141 
221 
87 
158 
172 
262 
260 
244 
159 
271 
183 
91 
113 
17 
298 
249 
120 
92 
69 
106 
16 
288 
81 
132 
47 
286 
199 
256 
64 
148 
249 
141 
208 
263 
57 
105 
315 
232 
64 
282 
15 
243 
11 
42 
26 
181 
186 
174 
71 
25 
99 
21 
134 
43 
82 
268 
166 
88 
323 
300 
39 
93 
231 
154 
96 
112 
172 
265 
169 
22 
271 
181 
33 
166 
310 
236 
155 
147 
301 
179 
119 
289 
216 
40 
166 
36 
91 
179 
259 
120 
281 
243 
151 
117 
144 
191 
124 
207 
182 
158 
274 
60 
3 
35 
13 
72 
83 
134 
231 
145 
43 
178 
280 
264 
71 
302 
102 
46 
198 
3 
313 
176 
126 
4 
77 
290 
194 
50 
5 
175 
300 
213 
73 
132 
316 
31 
130 
165 
109 
107 
204 
82 
95 
174 
294 
156 
107 
221 
150 
190 
135 
302 
39 
217 
48 
81 
36 
33 
225 
270 
160 
148 
214 
137 
209 
32 
272 
120 
287 
170 
315 
129 
237 
206 
122 
266 
279 
20 
243 
118 
77 
268 
256 
89 
184 
57 
40 
248 
135 
91 
56 
178 
79 
104 
73 
215 
228 
219 
210 
18 
107 
312 
105 
100 
53 
120 
90 
314 
77 
85 
204 
247 
190 
88 
233 
110 
234 
7 
229 
206 
41 
235 
124 
171 
283 
193 
162 
10 
220 
181 
114 
187 
250 
7 
0 
179 
245 
92 
260 
273 
237 
97 
176 
132 
33 
127 
31 
218 
53 
226 
219 
241 
291 
247 
186 
86 
36 
87 
240 
320 
159 
70 
262 
200 
114 
158 
327 
122 
310 
72 
206 
188 
47 
304 
150 
210 
15 
214 
243 
32 
213 
65 
76 
239 
325 
247 
292 
179 
292 
284 
201 
235 
239 
49 
247 
50 
132 
201 
234 
271 
290 
20 
129 
197 
159 
147 
249 
189 
110 
191 
118 
245 
26 
31 
326 
14 
129 
35 
135 
142 
88 
148 
73 
85 
210 
292 
288 
147 
134 
76 
316 
242 
111 
236 
197 
203 
293 
223 
77 
35 
174 
234 
186 
4 
167 
150 
318 
291 
230 
80 
33 
87 
152 
198 
16 
126 
38 
327 
242 
13 
1 
222 
313 
231 
246 
46 
222 
200 
217 
319 
23 
297 
282 
205 
291 
188 
49 
294 
188 
86 
57 
204 
273 
219 
281 
146 
322 
216 
232 
19 
267 
244 
319 
273 
102 
38 
67 
95 
310 
276 
81 
70 
283 
141 
67 
304 
246 
127 
122 
182 
206 
308 
241 
241 
127 
180 
321 
205 
107 
140 
205 
227 
160 
219 
87 
34 
21 
45 
148 
59 
211 
280 
87 
267 
204 
300 
33 
83 
162 
229 
230 
35 
121 
157 
314 
32 
148 
30 
170 
106 
259 
270 
241 
184 
16 
61 
324 
139 
210 
236 
295 
276 
299 
158 
157 
238 
248 
125 
243 
89 
118 
10 
269 
248 
142 
73 
27 
87 
205 
251 
106 
83 
158 
246 
184 
114 
228 
316 
131 
89 
291 
194 
198 
113 
262 
271 
267 
138 
26 
207 
321 
225 
163 
60 
185 
78 
282 
94 
324 
268 
131 
105 
130 
215 
305 
296 
90 
250 
172 
312 
300 
210 
15 
86 
94 
259 
84 
94 
115 
299 
268 
79 
105 
75 
314 
80 
305 
268 
33 
189 
74 
123 
62 
257 
293 
101 
17 
246 
235 
183 
179 
120 
35 
22 
253 
8 
104 
101 
47 
172 
107 
242 
196 
189 
303 
216 
232 
190 
23 
96 
4 
253 
326 
189 
100 
155 
44 
168 
61 
180 
123 
167 
221 
236 
231 
201 
40 
313 
239 
18 
74 
163 
43 
319 
149 
257 
200 
253 
200 
275 
94 
327 
281 
110 
51 
35 
315 
320 
191 
37 
22 
108 
130 
141 
240 
263 
195 
287 
184 
297 
67 
75 
58 
143 
104 
71 
273 
256 
280 
130 
145 
310 
15 
258 
98 
170 
72 
219 
94 
56 
285 
154 
276 
298 
191 
52 
146 
223 
267 
321 
316 
168 
28 
16 
189 
282 
194 
197 
190 
92 
258 
126 
288 
39 
317 
18 
136 
112 
117 
0 
103 
69 
256 
160 
20 
291 
130 
186 
145 
231 
186 
191 
198 
64 
122 
254 
296 
184 
266 
261 
310 
252 
64 
206 
168 
276 
270 
238 
226 
202 
129 
287 
322 
174 
82 
196 
223 
209 
311 
184 
88 
167 
66 
287 
55 
48 
236 
226 
182 
203 
326 
327 
196 
168 
172 
14 
272 
292 
180 
84 
1 
305 
267 
32 
42 
279 
125 
249 
21 
107 
5 
24 
121 
2 
75 
188 
244 
116 
143 
37 
270 
129 
104 
306 
195 
184 
285 
191 
77 
105 
76 
205 
214 
215 
249 
163 
167 
57 
137 
154 
322 
290 
7 
24 
30 
127 
103 
305 
272 
187 
161 
129 
301 
171 
36 
282 
136 
246 
326 
74 
9 
152 
38 
116 
111 
309 
6 
308 
255 
254 
254 
245 
201 
14 
17 
181 
228 
44 
93 
239 
108 
113 
167 
298 
309 
303 
282 
186 
307 
226 
100 
324 
139 
308 
198 
160 
54 
237 
16 
105 
164 
71 
5 
51 
175 
98 
278 
178 
114 
0 
38 
93 
179 
0 
250 
25 
300 
264 
68 
125 
146 
253 
286 
299 
2500 
2501 
2502 
2503 
2504 
2505 
2506 
2507 
2508 
2509 
2510 
2511 
2512 
2513 
2514 
2515 
2516 
2517 
2518 
2519 
2520 
2521 
2522 
2523 
2524 
2525 
2526 
2527 
2528 
2529 
2530 
2531 
2532 
2533 
2534 
2535 
2536 
2537 
2538 
2539 
2540 
2541 
2542 
2543 
2544 
2545 
2546 
2547 
2548 
2549 
2550 
2551 
2552 
2553 
2554 
2555 
2556 
2557 
2558 
2559 
2560 
2561 
2562 
2563 
2564 
2565 
2566 
2567 
2568 
2569 
2570 
2571 
2572 
2573 
2574 
2575 
2576 
2577 
2578 
2579 
2580 
2581 
2582 
2583 
2584 
2585 
2586 
2587 
2588 
2589 
2590 
2591 
2592 
2593 
2594 
2595 
2596 
2597 
2598 
2599 
2600 
2601 
2602 
2603 
2604 
2605 
2606 
2607 
2608 
2609 
2610 
2611 
2612 
2613 
2614 
2615 
2616 
2617 
2618 
2619 
2620 
2621 
2622 
2623 
2624 
2625 
2626 
2627 
2628 
2629 
2630 
2631 
2632 
2633 
2634 
2635 
2636 
2637 
2638 
2639 
2640 
2641 
2642 
2643 
2644 
2645 
2646 
2647 
2648 
2649 
2650 
2651 
2652 
2653 
2654 
2655 
2656 
2657 
2658 
2659 
2660 
2661 
2662 
2663 
2664 
2665 
2666 
2667 
2668 
2669 
2670 
2671 
2672 
2673 
2674 
2675 
2676 
2677 
2678 
2679 
2680 
2681 
2682 
2683 
2684 
2685 
2686 
2687 
2688 
2689 
2690 
2691 
2692 
2693 
2694 
2695 
2696 
2697 
2698 
2699 
2700 
2701 
2702 
2703 
2704 
2705 
2706 
2707 
2708 
2709 
2710 
2711 
2712 
2713 
2714 
2715 
2716 
2717 
2718 
2719 
2720 
2721 
2722 
2723 
2724 
2725 
2726 
2727 
2728 
2729 
2730 
2731 
2732 
2733 
2734 
2735 
2736 
2737 
2738 
2739 
2740 
2741 
2742 
2743 
2744 
2745 
2746 
2747 
2748 
2749 
2750 
2751 
2752 
2753 
2754 
2755 
2756 
2757 
2758 
2759 
2760 
2761 
2762 
2763 
2764 
2765 
2766 
2767 
2768 
2769 
2770 
2771 
2772 
2773 
2774 
2775 
2776 
2777 
2778 
2779 
2780 
2781 
2782 
2783 
2784 
2785 
2786 
2787 
2788 
2789 
2790 
2791 
2792 
2793 
2794 
2795 
2796 
2797 
2798 
2799 
2800 
2801 
2802 
2803 
2804 
2805 
2806 
2807 
2808 
2809 
2810 
2811 
2812 
2813 
2814 
2815 
2816 
2817 
2818 
2819 
2820 
2821 
2822 
2823 
2824 
2825 
2826 
2827 
2828 
2829 
2830 
2831 
2832 
2833 
2834 
2835 
2836 
2837 
2838 
2839 
2840 
2841 
2842 
2843 
2844 
2845 
2846 
2847 
2848 
2849 
2850 
2851 
2852 
2853 
2854 
2855 
2856 
2857 
2858 
2859 
2860 
2861 
2862 
2863 
2864 
2865 
2866 
2867 
2868 
2869 
2870 
2871 
2872 
2873 
2874 
2875 
2876 
2877 
2878 
2879 
2880 
2881 
2882 
2883 
2884 
2885 
2886 
2887 
2888 
2889 
2890 
2891 
2892 
2893 
2894 
2895 
2896 
2897 
2898 
2899 
2900 
2901 
2902 
2903 
2904 
2905 
2906 
2907 
2908 
2909 
2910 
2911 
2912 
2913 
2914 
2915 
2916 
2917 
2918 
2919 
2920 
2921 
2922 
2923 
2924 
2925 
2926 
2927 
2928 
2929 
2930 
2931 
2932 
2933 
2934 
2935 
2936 
2937 
2938 
2939 
2940 
2941 
2942 
2943 
2944 
2945 
2946 
2947 
2948 
2949 
2950 
2951 
2952 
2953 
2954 
2955 
2956 
2957 
2958 
2959 
2960 
2961 
2962 
2963 
2964 
2965 
2966 
2967 
2968 
2969 
2970 
2971 
2972 
2973 
2974 
2975 
2976 
2977 
2978 
2979 
2980 
2981 
2982 
2983 
2984 
2985 
2986 
2987 
2988 
2989 
2990 
2991 
2992 
2993 
2994 
2995 
2996 
2997 
2998 
2999 
3000 
3001 
3002 
3003 
3004 
3005 
3006 
3007 
3008 
3009 
3010 
3011 
3012 
3013 
3014 
3015 
3016 
3017 
3018 
3019 
3020 
3021 
3022 
3023 
3024 
3025 
3026 
3027 
3028 
3029 
3030 
3031 
3032 
3033 
3034 
3035 
3036 
3037 
3038 
3039 
3040 
3041 
3042 
3043 
3044 
3045 
3046 
3047 
3048 
3049 
3050 
3051 
3052 
3053 
3054 
3055 
3056 
3057 
3058 
3059 
3060 
3061 
3062 
3063 
3064 
3065 
3066 
3067 
3068 
3069 
3070 
3071 
3072 
3073 
3074 
3075 
3076 
3077 
3078 
3079 
3080 
3081 
3082 
3083 
3084 
3085 
3086 
3087 
3088 
3089 
3090 
3091 
3092 
3093 
3094 
3095 
3096 
3097 
3098 
3099 
3100 
3101 
3102 
3103 
3104 
3105 
3106 
3107 
3108 
3109 
3110 
3111 
3112 
3113 
3114 
3115 
3116 
3117 
3118 
3119 
3120 
3121 
3122 
3123 
3124 
3125 
3126 
3127 
3128 
3129 
3130 
3131 
3132 
3133 
3134 
3135 
3136 
3137 
3138 
3139 
3140 
3141 
3142 
3143 
3144 
3145 
3146 
3147 
3148 
3149 
3150 
3151 
3152 
3153 
3154 
3155 
3156 
3157 
3158 
3159 
3160 
3161 
3162 
3163 
3164 
3165 
3166 
3167 
3168 
3169 
3170 
3171 
3172 
3173 
3174 
3175 
3176 
3177 
3178 
3179 
3180 
3181 
3182 
3183 
3184 
3185 
3186 
3187 
3188 
3189 
3190 
3191 
3192 
3193 
3194 
3195 
3196 
3197 
3198 
3199 
3200 
3201 
3202 
3203 
3204 
3205 
3206 
3207 
3208 
3209 
3210 
3211 
3212 
3213 
3214 
3215 
3216 
3217 
3218 
3219 
3220 
3221 
3222 
3223 
3224 
3225 
3226 
3227 
3228 
3229 
3230 
3231 
3232 
3233 
3234 
3235 
3236 
3237 
3238 
3239 
3240 
3241 
3242 
3243 
3244 
3245 
3246 
3247 
3248 
3249 
3250 
3251 
3252 
3253 
3254 
3255 
3256 
3257 
3258 
3259 
3260 
3261 
3262 
3263 
3264 
3265 
3266 
3267 
3268 
3269 
3270 
3271 
3272 
3273 
3274 
3275 
3276 
3277 
3278 
3279 
3280 
3281 
3282 
3283 
3284 
3285 
3286 
3287 
3288 
3289 
3290 
3291 
3292 
3293 
3294 
3295 
3296 
3297 
3298 
3299 
3300 
3301 
3302 
3303 
3304 
3305 
3306 
3307 
3308 
3309 
3310 
3311 
3312 
3313 
3314 
3315 
3316 
3317 
3318 
3319 
3320 
3321 
3322 
3323 
3324 
3325 
3326 
3327 
3328 
3329 
3330 
3331 
3332 
3333 
3334 
3335 
3336 
3337 
3338 
3339 
3340 
3341 
3342 
3343 
3344 
3345 
3346 
3347 
3348 
3349 
3350 
3351 
3352 
3353 
3354 
3355 
3356 
3357 
3358 
3359 
3360 
3361 
3362 
3363 
3364 
3365 
3366 
3367 
3368 
3369 
3370 
3371 
3372 
3373 
3374 
3375 
3376 
3377 
3378 
3379 
3380 
3381 
3382 
3383 
3384 
3385 
3386 
3387 
3388 
3389 
3390 
3391 
3392 
3393 
3394 
3395 
3396 
3397 
3398 
3399 
3400 
3401 
3402 
3403 
3404 
3405 
3406 
3407 
3408 
3409 
3410 
3411 
3412 
3413 
3414 
3415 
3416 
3417 
3418 
3419 
3420 
3421 
3422 
3423 
3424 
3425 
3426 
3427 
3428 
3429 
3430 
3431 
3432 
3433 
3434 
3435 
3436 
3437 
3438 
3439 
3440 
3441 
3442 
3443 
3444 
3445 
3446 
3447 
3448 
3449 
3450 
3451 
3452 
3453 
3454 
3455 
3456 
3457 
3458 
3459 
3460 
3461 
3462 
3463 
3464 
3465 
3466 
3467 
3468 
3469 
3470 
3471 
3472 
3473 
3474 
3475 
3476 
3477 
3478 
3479 
3480 
3481 
3482 
3483 
3484 
3485 
3486 
3487 
3488 
3489 
3490 
3491 
3492 
3493 
3494 
3495 
3496 
3497 
3498 
3499 
3500 
3501 
3502 
3503 
3504 
3505 
3506 
3507 
3508 
3509 
3510 
3511 
3512 
3513 
3514 
3515 
3516 
3517 
3518 
3519 
3520 
3521 
3522 
3523 
3524 
3525 
3526 
3527 
3528 
3529 
3530 
3531 
3532 
3533 
3534 
3535 
3536 
3537 
3538 
3539 
3540 
3541 
3542 
3543 
3544 
3545 
3546 
3547 
3548 
3549 
3550 
3551 
3552 
3553 
3554 
3555 
3556 
3557 
3558 
3559 
3560 
3561 
3562 
3563 
3564 
3565 
3566 
3567 
3568 
3569 
3570 
3571 
3572 
3573 
3574 
3575 
3576 
3577 
3578 
3579 
3580 
3581 
3582 
3583 
3584 
3585 
3586 
3587 
3588 
3589 
3590 
3591 
3592 
3593 
3594 
3595 
3596 
3597 
3598 
3599 
3600 
3601 
3602 
3603 
3604 
3605 
3606 
3607 
3608 
3609 
3610 
3611 
3612 
3613 
3614 
3615 
3616 
3617 
3618 
3619 
3620 
3621 
3622 
3623 
3624 
3625 
3626 
3627 
3628 
3629 
3630 
3631 
3632 
3633 
3634 
3635 
3636 
3637 
3638 
3639 
3640 
3641 
3642 
3643 
3644 
3645 
3646 
3647 
3648 
3649 
3650 
3651 
3652 
3653 
3654 
3655 
3656 
3657 
3658 
3659 
3660 
3661 
3662 
3663 
3664 
3665 
3666 
3667 
3668 
3669 
3670 
3671 
3672 
3673 
3674 
3675 
3676 
3677 
3678 
3679 
3680 
3681 
3682 
3683 
3684 
3685 
3686 
3687 
3688 
3689 
3690 
3691 
3692 
3693 
3694 
3695 
3696 
3697 
3698 
3699 
3700 
3701 
3702 
3703 
3704 
3705 
3706 
3707 
3708 
3709 
3710 
3711 
3712 
3713 
3714 
3715 
3716 
3717 
3718 
3719 
3720 
3721 
3722 
3723 
3724 
3725 
3726 
3727 
3728 
3729 
3730 
3731 
3732 
3733 
3734 
3735 
3736 
3737 
3738 
3739 
3740 
3741 
3742 
3743 
3744 
3745 
3746 
3747 
3748 
3749 
3750 
3751 
3752 
3753 
3754 
3755 
3756 
3757 
3758 
3759 
3760 
3761 
3762 
3763 
3764 
3765 
3766 
3767 
3768 
3769 
3770 
3771 
3772 
3773 
3774 
3775 
3776 
3777 
3778 
3779 
3780 
3781 
3782 
3783 
3784 
3785 
3786 
3787 
3788 
3789 
3790 
3791 
3792 
3793 
3794 
3795 
3796 
3797 
3798 
3799 
3800 
3801 
3802 
3803 
3804 
3805 
3806 
3807 
3808 
3809 
3810 
3811 
3812 
3813 
3814 
3815 
3816 
3817 
3818 
3819 
3820 
3821 
3822 
3823 
3824 
3825 
3826 
3827 
3828 
3829 
3830 
3831 
3832 
3833 
3834 
3835 
3836 
3837 
3838 
3839 
3840 
3841 
3842 
3843 
3844 
3845 
3846 
3847 
3848 
3849 
3850 
3851 
3852 
3853 
3854 
3855 
3856 
3857 
3858 
3859 
3860 
3861 
3862 
3863 
3864 
3865 
3866 
3867 
3868 
3869 
3870 
3871 
3872 
3873 
3874 
3875 
3876 
3877 
3878 
3879 
3880 
3881 
3882 
3883 
3884 
3885 
3886 
3887 
3888 
3889 
3890 
3891 
3892 
3893 
3894 
3895 
3896 
3897 
3898 
3899 
3900 
3901 
3902 
3903 
3904 
3905 
3906 
3907 
3908 
3909 
3910 
3911 
3912 
3913 
3914 
3915 
3916 
3917 
3918 
3919 
3920 
3921 
3922 
3923 
3924 
3925 
3926 
3927 
3928 
3929 
3930 
3931 
3932 
3933 
3934 
3935 
3936 
3937 
3938 
3939 
3940 
3941 
3942 
3943 
3944 
3945 
3946 
3947 
3948 
3949 
3950 
3951 
3952 
3953 
3954 
3955 
3956 
3957 
3958 
3959 
3960 
3961 
3962 
3963 
3964 
3965 
3966 
3967 
3968 
3969 
3970 
3971 
3972 
3973 
3974 
3975 
3976 
3977 
3978 
3979 
3980 
3981 
3982 
3983 
3984 
3985 
3986 
3987 
3988 
3989 
3990 
3991 
3992 
3993 
3994 
3995 
3996 
3997 
3998 
3999 
4000 
4001 
4002 
4003 
4004 
4005 
4006 
4007 
4008 
4009 
4010 
4011 
4012 
4013 
4014 
4015 
4016 
4017 
4018 
4019 
4020 
4021 
4022 
4023 
4024 
4025 
4026 
4027 
4028 
4029 
4030 
4031 
4032 
4033 
4034 
4035 
4036 
4037 
4038 
4039 
4040 
4041 
4042 
4043 
4044 
4045 
4046 
4047 
4048 
4049 
4050 
4051 
4052 
4053 
4054 
4055 
4056 
4057 
4058 
4059 
4060 
4061 
4062 
4063 
4064 
4065 
4066 
4067 
4068 
4069 
4070 
4071 
4072 
4073 
4074 
4075 
4076 
4077 
4078 
4079 
4080 
4081 
4082 
4083 
4084 
4085 
4086 
4087 
4088 
4089 
4090 
4091 
4092 
4093 
4094 
4095 
4096 
4097 
4098 
4099 
4100 
4101 
4102 
4103 
4104 
4105 
4106 
4107 
4108 
4109 
4110 
4111 
4112 
4113 
4114 
4115 
4116 
4117 
4118 
4119 
4120 
4121 
4122 
4123 
4124 
4125 
4126 
4127 
4128 
4129 
4130 
4131 
4132 
4133 
4134 
4135 
4136 
4137 
4138 
4139 
4140 
4141 
4142 
4143 
4144 
4145 
4146 
4147 
4148 
4149 
4150 
4151 
4152 
4153 
4154 
4155 
4156 
4157 
4158 
4159 
4160 
4161 
4162 
4163 
4164 
4165 
4166 
4167 
4168 
4169 
4170 
4171 
4172 
4173 
4174 
4175 
4176 
4177 
4178 
4179 
4180 
4181 
4182 
4183 
4184 
4185 
4186 
4187 
4188 
4189 
4190 
4191 
4192 
4193 
4194 
4195 
4196 
4197 
4198 
4199 
4200 
4201 
4202 
4203 
4204 
4205 
4206 
4207 
4208 
4209 
4210 
4211 
4212 
4213 
4214 
4215 
4216 
4217 
4218 
4219 
4220 
4221 
4222 
4223 
4224 
4225 
4226 
4227 
4228 
4229 
4230 
4231 
4232 
4233 
4234 
4235 
4236 
4237 
4238 
4239 
4240 
4241 
4242 
4243 
4244 
4245 
4246 
4247 
4248 
4249 
4250 
4251 
4252 
4253 
4254 
4255 
4256 
4257 
4258 
4259 
4260 
4261 
4262 
4263 
4264 
4265 
4266 
4267 
4268 
4269 
4270 
4271 
4272 
4273 
4274 
4275 
4276 
4277 
4278 
4279 
4280 
4281 
4282 
4283 
4284 
4285 
4286 
4287 
4288 
4289 
4290 
4291 
4292 
4293 
4294 
4295 
4296 
4297 
4298 
4299 
4300 
4301 
4302 
4303 
4304 
4305 
4306 
4307 
4308 
4309 
4310 
4311 
4312 
4313 
4314 
4315 
4316 
4317 
4318 
4319 
4320 
4321 
4322 
4323 
4324 
4325 
4326 
4327 
4328 
4329 
4330 
4331 
4332 
4333 
4334 
4335 
4336 
4337 
4338 
4339 
4340 
4341 
4342 
4343 
4344 
4345 
4346 
4347 
4348 
4349 
4350 
4351 
4352 
4353 
4354 
4355 
4356 
4357 
4358 
4359 
4360 
4361 
4362 
4363 
4364 
4365 
4366 
4367 
4368 
4369 
4370 
4371 
4372 
4373 
4374 
4375 
4376 
4377 
4378 
4379 
4380 
4381 
4382 
4383 
4384 
4385 
4386 
4387 
4388 
4389 
4390 
4391 
4392 
4393 
4394 
4395 
4396 
4397 
4398 
4399 
4400 
4401 
4402 
4403 
4404 
4405 
4406 
4407 
4408 
4409 
4410 
4411 
4412 
4413 
4414 
4415 
4416 
4417 
4418 
4419 
4420 
4421 
4422 
4423 
4424 
4425 
4426 
4427 
4428 
4429 
4430 
4431 
4432 
4433 
4434 
4435 
4436 
4437 
4438 
4439 
4440 
4441 
4442 
4443 
4444 
4445 
4446 
4447 
4448 
4449 
4450 
4451 
4452 
4453 
4454 
4455 
4456 
4457 
4458 
4459 
4460 
4461 
4462 
4463 
4464 
4465 
4466 
4467 
4468 
4469 
4470 
4471 
4472 
4473 
4474 
4475 
4476 
4477 
4478 
4479 
4480 
4481 
4482 
4483 
4484 
4485 
4486 
4487 
4488 
4489 
4490 
4491 
4492 
4493 
4494 
4495 
4496 
4497 
4498 
4499 
4500 
4501 
4502 
4503 
4504 
4505 
4506 
4507 
4508 
4509 
4510 
4511 
4512 
4513 
4514 
4515 
4516 
4517 
4518 
4519 
4520 
4521 
4522 
4523 
4524 
4525 
4526 
4527 
4528 
4529 
4530 
4531 
4532 
4533 
4534 
4535 
4536 
4537 
4538 
4539 
4540 
4541 
4542 
4543 
4544 
4545 
4546 
4547 
4548 
4549 
4550 
4551 
4552 
4553 
4554 
4555 
4556 
4557 
4558 
4559 
4560 
4561 
4562 
4563 
4564 
4565 
4566 
4567 
4568 
4569 
4570 
4571 
4572 
4573 
4574 
4575 
4576 
4577 
4578 
4579 
4580 
4581 
4582 
4583 
4584 
4585 
4586 
4587 
4588 
4589 
4590 
4591 
4592 
4593 
4594 
4595 
4596 
4597 
4598 
4599 
4600 
4601 
4602 
4603 
4604 
4605 
4606 
4607 
4608 
4609 
4610 
4611 
4612 
4613 
4614 
4615 
4616 
4617 
4618 
4619 
4620 
4621 
4622 
4623 
4624 
4625 
4626 
4627 
4628 
4629 
4630 
4631 
4632 
4633 
4634 
4635 
4636 
4637 
4638 
4639 
4640 
4641 
4642 
4643 
4644 
4645 
4646 
4647 
4648 
4649 
4650 
4651 
4652 
4653 
4654 
4655 
4656 
4657 
4658 
4659 
4660 
4661 
4662 
4663 
4664 
4665 
4666 
4667 
4668 
4669 
4670 
4671 
4672 
4673 
4674 
4675 
4676 
4677 
4678 
4679 
4680 
4681 
4682 
4683 
4684 
4685 
4686 
4687 
4688 
4689 
4690 
4691 
4692 
4693 
4694 
4695 
4696 
4697 
4698 
4699 
4700 
4701 
4702 
4703 
4704 
4705 
4706 
4707 
4708 
4709 
4710 
4711 
4712 
4713 
4714 
4715 
4716 
4717 
4718 
4719 
4720 
4721 
4722 
4723 
4724 
4725 
4726 
4727 
4728 
4729 
4730 
4731 
4732 
4733 
4734 
4735 
4736 
4737 
4738 
4739 
4740 
4741 
4742 
4743 
4744 
4745 
4746 
4747 
4748 
4749 
4750 
4751 
4752 
4753 
4754 
4755 
4756 
4757 
4758 
4759 
4760 
4761 
4762 
4763 
4764 
4765 
4766 
4767 
4768 
4769 
4770 
4771 
4772 
4773 
4774 
4775 
4776 
4777 
4778 
4779 
4780 
4781 
4782 
4783 
4784 
4785 
4786 
4787 
4788 
4789 
4790 
4791 
4792 
4793 
4794 
4795 
4796 
4797 
4798 
4799 
4800 
4801 
4802 
4803 
4804 
4805 
4806 
4807 
4808 
4809 
4810 
4811 
4812 
4813 
4814 
4815 
4816 
4817 
4818 
4819 
4820 
4821 
4822 
4823 
4824 
4825 
4826 
4827 
4828 
4829 
4830 
4831 
4832 
4833 
4834 
4835 
4836 
4837 
4838 
4839 
4840 
4841 
4842 
4843 
4844 
4845 
4846 
4847 
4848 
4849 
4850 
4851 
4852 
4853 
4854 
4855 
4856 
4857 
4858 
4859 
4860 
4861 
4862 
4863 
4864 
4865 
4866 
4867 
4868 
4869 
4870 
4871 
4872 
4873 
4874 
4875 
4876 
4877 
4878 
4879 
4880 
4881 
4882 
4883 
4884 
4885 
4886 
4887 
4888 
4889 
4890 
4891 
4892 
4893 
4894 
4895 
4896 
4897 
4898 
4899 
4900 
4901 
4902 
4903 
4904 
4905 
4906 
4907 
4908 
4909 
4910 
4911 
4912 
4913 
4914 
4915 
4916 
4917 
4918 
4919 
4920 
4921 
4922 
4923 
4924 
4925 
4926 
4927 
4928 
4929 
4930 
4931 
4932 
4933 
4934 
4935 
4936 
4937 
4938 
4939 
4940 
4941 
4942 
4943 
4944 
4945 
4946 
4947 
4948 
4949 
4950 
4951 
4952 
4953 
4954 
4955 
4956 
4957 
4958 
4959 
4960 
4961 
4962 
4963 
4964 
4965 
4966 
4967 
4968 
4969 
4970 
4971 
4972 
4973 
4974 
4975 
4976 
4977 
4978 
4979 
4980 
4981 
4982 
4983 
4984 
4985 
4986 
4987 
4988 
4989 
4990 
4991 
4992 
4993 
4994 
4995 
4996 
4997 
4998 
4999 
