0 
184 
63 
265 
191 
157 
114 
293 
269 
244 
57 
281 
232 
168 
99 
4 
29 
119 
48 
54 
323 
146 
39 
1 
2 
123 
174 
187 
197 
198 
54 
217 
147 
115 
18 
199 
256 
262 
170 
98 
287 
238 
313 
303 
176 
46 
151 
77 
282 
68 
255 
276 
326 
327 
200 
128 
87 
97 
275 
7 
123 
30 
221 
18 
2 
301 
90 
89 
192 
226 
274 
238 
158 
67 
243 
153 
150 
311 
243 
35 
196 
126 
240 
199 
187 
118 
49 
73 
139 
263 
169 
324 
246 
113 
55 
215 
161 
20 
229 
165 
48 
311 
46 
296 
227 
99 
139 
23 
316 
223 
50 
287 
269 
190 
62 
58 
267 
155 
50 
165 
239 
132 
91 
186 
223 
247 
236 
155 
40 
120 
273 
11 
169 
217 
139 
34 
311 
301 
180 
113 
154 
122 
277 
103 
149 
89 
322 
97 
242 
185 
64 
249 
275 
130 
164 
291 
9 
325 
187 
16 
174 
63 
276 
205 
215 
64 
275 
40 
36 
243 
102 
308 
93 
110 
45 
240 
273 
231 
196 
244 
82 
47 
0 
19 
264 
279 
69 
37 
181 
4 
37 
148 
246 
224 
178 
24 
143 
66 
228 
95 
143 
76 
189 
174 
206 
52 
165 
315 
227 
303 
62 
110 
58 
326 
149 
327 
31 
204 
30 
143 
305 
15 
293 
95 
74 
252 
134 
66 
205 
197 
147 
152 
195 
207 
280 
271 
204 
236 
185 
122 
60 
241 
181 
296 
79 
61 
198 
228 
191 
115 
162 
26 
242 
200 
203 
226 
263 
48 
188 
284 
298 
201 
238 
14 
218 
319 
103 
186 
100 
56 
35 
284 
278 
243 
50 
107 
26 
25 
210 
268 
178 
146 
134 
97 
152 
164 
50 
105 
241 
102 
270 
314 
286 
237 
98 
309 
41 
21 
257 
171 
199 
313 
23 
286 
214 
105 
34 
165 
74 
95 
301 
180 
217 
37 
161 
124 
162 
259 
166 
125 
225 
174 
198 
129 
1 
231 
32 
204 
282 
161 
244 
162 
124 
257 
181 
117 
313 
206 
57 
122 
43 
243 
311 
200 
9 
108 
18 
209 
43 
277 
283 
195 
236 
279 
4 
41 
231 
202 
71 
21 
55 
204 
111 
104 
120 
216 
262 
264 
172 
200 
261 
295 
47 
206 
131 
83 
44 
280 
21 
140 
187 
99 
179 
73 
102 
36 
264 
44 
93 
258 
293 
258 
243 
201 
118 
280 
74 
282 
75 
81 
177 
322 
17 
26 
171 
139 
31 
84 
292 
76 
48 
40 
305 
26 
15 
19 
110 
299 
130 
141 
310 
274 
175 
275 
227 
130 
84 
1 
172 
312 
130 
79 
191 
83 
224 
309 
142 
291 
2 
308 
197 
257 
188 
46 
72 
125 
1 
136 
26 
216 
280 
21 
265 
216 
226 
263 
173 
224 
46 
225 
238 
254 
10 
284 
211 
231 
28 
180 
310 
19 
90 
47 
321 
203 
95 
302 
120 
227 
71 
51 
78 
170 
295 
34 
295 
144 
26 
256 
56 
319 
254 
285 
69 
149 
1 
245 
37 
132 
101 
325 
12 
82 
62 
81 
50 
203 
290 
307 
64 
255 
211 
215 
297 
149 
301 
217 
49 
208 
186 
138 
309 
177 
189 
175 
83 
130 
114 
12 
260 
64 
23 
127 
193 
23 
64 
51 
211 
148 
198 
228 
144 
224 
129 
273 
194 
65 
311 
287 
128 
323 
60 
293 
188 
144 
205 
232 
16 
93 
85 
133 
293 
232 
238 
293 
128 
130 
296 
101 
127 
186 
115 
240 
244 
241 
242 
45 
65 
89 
222 
298 
120 
169 
35 
297 
66 
169 
214 
143 
225 
29 
26 
24 
9 
116 
100 
228 
46 
129 
22 
221 
237 
65 
227 
201 
214 
178 
32 
178 
16 
319 
152 
317 
238 
173 
222 
227 
121 
127 
16 
265 
55 
19 
101 
257 
69 
105 
158 
3 
144 
166 
198 
248 
131 
114 
276 
308 
204 
326 
17 
184 
282 
126 
100 
93 
8 
200 
128 
6 
10 
149 
281 
306 
131 
238 
200 
264 
286 
190 
194 
25 
259 
151 
193 
193 
186 
267 
220 
112 
3 
87 
111 
76 
252 
121 
285 
38 
237 
206 
292 
59 
175 
295 
255 
316 
64 
295 
261 
312 
278 
291 
206 
60 
202 
86 
82 
239 
258 
56 
233 
157 
26 
264 
280 
40 
100 
187 
154 
249 
62 
238 
326 
5 
212 
226 
57 
23 
90 
221 
274 
182 
121 
255 
76 
209 
75 
67 
318 
92 
7 
252 
49 
15 
3 
114 
210 
112 
135 
136 
29 
178 
229 
110 
215 
287 
175 
186 
17 
152 
85 
139 
282 
159 
28 
185 
232 
255 
283 
278 
96 
283 
211 
244 
271 
250 
285 
297 
299 
171 
144 
35 
116 
269 
140 
55 
0 
215 
253 
20 
29 
126 
224 
264 
50 
46 
15 
113 
6 
320 
212 
17 
299 
208 
141 
6 
79 
128 
214 
256 
7 
270 
45 
207 
180 
322 
151 
70 
98 
256 
112 
157 
199 
33 
322 
247 
49 
149 
233 
327 
254 
210 
203 
310 
225 
94 
185 
95 
179 
233 
80 
179 
161 
311 
219 
250 
204 
146 
261 
244 
324 
67 
206 
298 
193 
300 
165 
160 
147 
291 
308 
59 
82 
66 
239 
308 
204 
13 
210 
11 
182 
178 
146 
20 
326 
41 
196 
16 
56 
216 
108 
103 
214 
134 
140 
72 
222 
54 
163 
166 
263 
142 
1 
111 
123 
42 
271 
240 
292 
210 
213 
168 
240 
241 
313 
152 
119 
36 
296 
269 
149 
35 
284 
249 
12 
136 
306 
22 
54 
69 
38 
193 
38 
202 
190 
226 
239 
300 
219 
97 
265 
123 
326 
253 
66 
55 
127 
59 
190 
64 
314 
62 
125 
99 
39 
64 
15 
252 
249 
288 
0 
147 
139 
262 
151 
162 
245 
78 
183 
30 
302 
292 
280 
19 
160 
207 
244 
247 
83 
298 
259 
65 
181 
16 
171 
258 
230 
7 
239 
181 
299 
286 
261 
100 
129 
157 
17 
213 
0 
251 
247 
72 
50 
18 
219 
10 
113 
228 
261 
142 
321 
208 
96 
156 
286 
25 
33 
46 
46 
300 
101 
122 
266 
15 
266 
78 
294 
84 
88 
68 
75 
277 
286 
290 
276 
199 
13 
56 
60 
116 
147 
60 
293 
204 
179 
298 
171 
239 
327 
317 
284 
275 
48 
122 
93 
56 
319 
243 
234 
10 
211 
266 
241 
268 
40 
235 
122 
212 
299 
291 
10 
253 
147 
2 
74 
137 
51 
301 
164 
79 
247 
297 
69 
10 
252 
74 
182 
264 
279 
108 
176 
324 
284 
211 
74 
266 
121 
120 
11 
183 
130 
39 
106 
294 
66 
308 
40 
278 
292 
146 
72 
207 
183 
204 
138 
5 
283 
45 
87 
95 
223 
183 
314 
198 
258 
138 
268 
242 
44 
169 
6 
2 
245 
109 
295 
151 
251 
16 
206 
7 
223 
317 
163 
231 
87 
269 
211 
195 
86 
276 
150 
245 
115 
4 
156 
205 
132 
125 
9 
94 
195 
289 
141 
305 
125 
174 
3 
319 
283 
143 
229 
109 
197 
163 
183 
12 
123 
76 
307 
281 
315 
199 
191 
25 
133 
100 
163 
26 
286 
99 
256 
305 
192 
70 
91 
183 
286 
81 
98 
238 
283 
75 
62 
146 
291 
188 
9 
326 
19 
202 
84 
55 
38 
75 
162 
314 
16 
26 
110 
91 
168 
160 
135 
303 
196 
95 
155 
131 
311 
179 
273 
260 
262 
194 
285 
104 
307 
87 
309 
235 
41 
253 
154 
57 
8 
13 
149 
282 
44 
4 
69 
268 
261 
255 
215 
97 
256 
301 
275 
79 
163 
7 
24 
10 
116 
234 
134 
59 
97 
59 
244 
44 
19 
172 
117 
264 
52 
294 
43 
9 
59 
268 
81 
187 
113 
176 
217 
285 
305 
309 
34 
50 
182 
262 
293 
23 
285 
269 
127 
179 
220 
147 
92 
311 
321 
238 
194 
89 
43 
64 
196 
159 
116 
75 
156 
226 
310 
219 
321 
77 
168 
77 
294 
158 
106 
176 
187 
110 
114 
55 
95 
71 
302 
242 
264 
213 
225 
88 
251 
21 
236 
281 
111 
14 
158 
6 
274 
202 
177 
197 
186 
254 
209 
228 
249 
284 
51 
138 
257 
7 
143 
13 
165 
88 
22 
80 
321 
165 
201 
23 
120 
313 
281 
110 
79 
94 
16 
325 
56 
22 
72 
98 
257 
212 
27 
86 
44 
71 
184 
58 
207 
35 
148 
248 
109 
18 
92 
227 
286 
185 
284 
26 
260 
327 
208 
202 
194 
194 
63 
320 
75 
13 
78 
83 
133 
260 
89 
294 
124 
238 
67 
17 
198 
115 
118 
218 
319 
73 
293 
113 
312 
217 
66 
92 
116 
174 
95 
72 
32 
34 
232 
276 
220 
268 
1 
161 
198 
306 
95 
198 
244 
286 
298 
272 
198 
99 
256 
49 
177 
225 
129 
325 
33 
134 
8 
225 
84 
55 
74 
61 
282 
250 
15 
158 
18 
314 
27 
185 
315 
188 
287 
133 
132 
135 
215 
269 
309 
92 
0 
201 
16 
214 
138 
312 
197 
65 
135 
111 
204 
264 
1 
34 
129 
90 
103 
270 
279 
102 
64 
185 
153 
326 
141 
120 
137 
126 
190 
287 
110 
128 
311 
166 
137 
199 
254 
27 
49 
68 
28 
103 
154 
206 
109 
25 
201 
46 
91 
270 
143 
325 
72 
35 
170 
86 
2 
188 
252 
35 
317 
121 
296 
170 
72 
99 
156 
101 
135 
250 
275 
127 
140 
237 
240 
29 
26 
246 
277 
208 
117 
155 
30 
136 
61 
112 
299 
75 
101 
50 
111 
59 
89 
67 
56 
109 
21 
164 
315 
265 
146 
299 
58 
157 
154 
229 
81 
306 
90 
98 
269 
268 
206 
260 
2 
85 
94 
312 
281 
169 
231 
83 
301 
160 
30 
270 
25 
92 
125 
210 
168 
141 
46 
319 
24 
1 
299 
134 
247 
61 
33 
138 
222 
172 
270 
274 
88 
163 
285 
48 
318 
176 
72 
21 
67 
64 
63 
65 
313 
194 
242 
96 
222 
257 
301 
304 
276 
84 
34 
20 
296 
48 
292 
117 
313 
125 
108 
224 
290 
124 
141 
221 
87 
158 
172 
262 
260 
244 
159 
271 
183 
91 
113 
17 
298 
249 
120 
92 
69 
106 
16 
288 
81 
132 
47 
286 
199 
256 
64 
148 
249 
141 
208 
263 
57 
105 
315 
232 
64 
282 
15 
243 
11 
42 
26 
181 
186 
174 
71 
25 
99 
21 
134 
43 
82 
268 
166 
88 
323 
300 
39 
93 
231 
154 
96 
112 
172 
265 
169 
22 
271 
181 
33 
166 
310 
236 
155 
147 
301 
179 
119 
289 
216 
40 
166 
36 
91 
179 
259 
120 
281 
243 
151 
117 
144 
191 
124 
207 
182 
158 
274 
60 
3 
35 
13 
72 
83 
134 
231 
145 
43 
178 
280 
264 
71 
302 
102 
46 
198 
3 
313 
176 
126 
4 
77 
290 
194 
50 
5 
175 
300 
213 
73 
132 
316 
31 
130 
165 
109 
107 
204 
82 
95 
174 
294 
156 
107 
221 
150 
190 
135 
302 
39 
217 
48 
81 
36 
33 
225 
270 
160 
148 
214 
137 
209 
32 
272 
120 
287 
170 
315 
129 
237 
206 
122 
266 
279 
20 
243 
118 
77 
268 
256 
89 
184 
57 
40 
248 
135 
91 
56 
178 
79 
104 
73 
215 
228 
219 
210 
18 
107 
312 
105 
100 
53 
120 
90 
314 
77 
85 
204 
247 
190 
88 
233 
110 
234 
7 
229 
206 
41 
235 
124 
171 
283 
193 
162 
10 
220 
181 
114 
187 
250 
7 
0 
179 
245 
92 
260 
273 
237 
97 
176 
132 
33 
127 
31 
218 
53 
226 
219 
241 
291 
247 
186 
86 
36 
87 
240 
320 
159 
70 
262 
200 
114 
158 
327 
122 
310 
72 
206 
188 
47 
304 
150 
210 
15 
214 
243 
32 
213 
65 
76 
239 
325 
247 
292 
179 
292 
284 
201 
235 
239 
49 
247 
50 
132 
201 
234 
271 
290 
20 
129 
197 
159 
147 
249 
189 
110 
191 
118 
245 
26 
31 
326 
14 
129 
35 
135 
142 
88 
148 
73 
85 
210 
292 
288 
147 
134 
76 
316 
242 
111 
236 
197 
203 
293 
223 
77 
35 
174 
234 
186 
4 
167 
150 
318 
291 
230 
80 
33 
87 
152 
198 
16 
126 
38 
327 
242 
13 
1 
222 
313 
231 
246 
46 
222 
200 
217 
319 
23 
297 
282 
205 
291 
188 
49 
294 
188 
86 
57 
204 
273 
219 
281 
146 
322 
216 
232 
19 
267 
244 
319 
273 
102 
38 
67 
95 
310 
276 
81 
70 
283 
141 
67 
304 
246 
127 
122 
182 
206 
308 
241 
241 
127 
180 
321 
205 
107 
140 
205 
227 
160 
219 
87 
34 
21 
45 
148 
59 
211 
280 
87 
267 
204 
300 
33 
83 
162 
229 
230 
35 
121 
157 
314 
32 
148 
30 
170 
106 
259 
270 
241 
184 
16 
61 
324 
139 
210 
236 
295 
276 
299 
158 
157 
238 
248 
125 
243 
89 
118 
10 
269 
248 
142 
73 
27 
87 
205 
251 
106 
83 
158 
246 
184 
114 
228 
316 
131 
89 
291 
194 
198 
113 
262 
271 
267 
138 
26 
207 
321 
225 
163 
60 
185 
78 
282 
94 
324 
268 
131 
105 
130 
215 
305 
296 
90 
250 
172 
312 
300 
210 
15 
86 
94 
259 
84 
94 
115 
299 
268 
79 
105 
75 
314 
80 
305 
268 
33 
189 
74 
123 
62 
257 
293 
101 
17 
246 
235 
183 
179 
120 
35 
22 
253 
8 
104 
101 
47 
172 
107 
242 
196 
189 
303 
216 
232 
190 
23 
96 
4 
253 
326 
189 
100 
155 
44 
168 
61 
180 
123 
167 
221 
236 
231 
201 
40 
313 
239 
18 
74 
163 
43 
319 
149 
257 
200 
253 
200 
275 
94 
327 
281 
110 
51 
35 
315 
320 
191 
37 
22 
108 
130 
141 
240 
263 
195 
287 
184 
297 
67 
75 
58 
143 
104 
71 
273 
256 
280 
130 
145 
310 
15 
258 
98 
170 
72 
219 
94 
56 
285 
154 
276 
298 
191 
52 
146 
223 
267 
321 
316 
168 
28 
16 
189 
282 
194 
197 
190 
92 
258 
126 
288 
39 
317 
18 
136 
112 
117 
0 
103 
69 
256 
160 
20 
291 
130 
186 
145 
231 
186 
191 
198 
64 
122 
254 
296 
184 
266 
261 
310 
252 
64 
206 
168 
276 
270 
238 
226 
202 
129 
287 
322 
174 
82 
196 
223 
209 
311 
184 
88 
167 
66 
287 
55 
48 
236 
226 
182 
203 
326 
327 
196 
168 
172 
14 
272 
292 
180 
84 
1 
305 
267 
32 
42 
279 
125 
249 
21 
107 
5 
24 
121 
2 
75 
188 
244 
116 
143 
37 
270 
129 
104 
306 
195 
184 
285 
191 
77 
105 
76 
205 
214 
215 
249 
163 
167 
57 
137 
154 
322 
290 
7 
24 
30 
127 
103 
305 
272 
187 
161 
129 
301 
171 
36 
282 
136 
246 
326 
74 
9 
152 
38 
116 
111 
309 
6 
308 
255 
254 
254 
245 
201 
14 
17 
181 
228 
44 
93 
239 
108 
113 
167 
298 
309 
303 
282 
186 
307 
226 
100 
324 
139 
308 
198 
160 
54 
237 
16 
105 
164 
71 
5 
51 
175 
98 
278 
178 
114 
0 
38 
93 
179 
0 
250 
25 
300 
264 
68 
125 
146 
253 
286 
299 
176 
211 
81 
200 
210 
233 
312 
186 
47 
113 
281 
255 
242 
308 
264 
35 
38 
8 
308 
144 
66 
208 
64 
108 
249 
212 
312 
50 
207 
58 
138 
25 
129 
247 
251 
272 
226 
133 
163 
210 
27 
93 
59 
75 
203 
10 
320 
109 
321 
172 
18 
187 
135 
47 
130 
49 
99 
71 
17 
86 
195 
280 
109 
191 
302 
241 
8 
258 
208 
26 
33 
171 
196 
142 
6 
218 
320 
137 
24 
112 
268 
35 
296 
192 
232 
61 
201 
14 
90 
183 
201 
207 
274 
179 
211 
187 
314 
106 
16 
215 
67 
259 
277 
79 
288 
160 
184 
250 
6 
240 
151 
95 
139 
212 
29 
302 
8 
70 
246 
176 
106 
1 
298 
230 
88 
252 
16 
69 
80 
179 
8 
47 
176 
125 
149 
277 
7 
134 
50 
242 
118 
124 
52 
117 
162 
103 
122 
181 
228 
150 
121 
68 
326 
50 
119 
148 
69 
270 
294 
230 
141 
231 
94 
157 
57 
154 
106 
137 
7 
147 
98 
108 
6 
180 
277 
251 
205 
179 
220 
320 
156 
304 
225 
213 
242 
296 
181 
129 
124 
260 
63 
91 
24 
126 
108 
143 
22 
149 
163 
25 
258 
46 
214 
268 
137 
72 
280 
250 
108 
25 
19 
74 
167 
136 
190 
163 
301 
139 
70 
185 
298 
177 
197 
65 
206 
148 
263 
101 
188 
172 
221 
316 
43 
95 
11 
1 
130 
45 
59 
204 
6 
297 
250 
284 
119 
162 
187 
133 
261 
55 
80 
175 
109 
231 
144 
249 
154 
17 
170 
304 
148 
210 
70 
84 
254 
326 
135 
73 
62 
276 
152 
215 
5 
107 
54 
325 
327 
171 
278 
24 
179 
283 
225 
135 
194 
234 
224 
95 
284 
203 
142 
214 
286 
180 
43 
54 
111 
206 
299 
115 
145 
212 
4 
67 
178 
297 
266 
74 
257 
206 
85 
72 
81 
175 
247 
270 
12 
253 
316 
46 
0 
283 
220 
123 
133 
254 
31 
304 
118 
277 
269 
256 
67 
212 
257 
210 
243 
163 
130 
240 
164 
242 
97 
198 
290 
154 
262 
309 
137 
286 
187 
230 
313 
253 
166 
171 
13 
206 
141 
267 
89 
191 
188 
146 
306 
237 
130 
122 
211 
75 
254 
63 
109 
178 
37 
3 
113 
82 
114 
151 
295 
255 
145 
129 
238 
203 
121 
14 
51 
64 
40 
43 
138 
19 
253 
266 
162 
175 
38 
271 
64 
169 
314 
273 
284 
173 
172 
84 
141 
241 
23 
199 
15 
14 
59 
218 
70 
314 
279 
139 
179 
115 
265 
68 
18 
253 
53 
284 
52 
171 
286 
155 
83 
18 
36 
131 
34 
312 
327 
62 
276 
20 
261 
45 
273 
326 
14 
0 
71 
205 
227 
225 
136 
243 
257 
133 
109 
165 
216 
44 
196 
297 
83 
266 
187 
269 
182 
59 
146 
281 
214 
227 
63 
213 
168 
114 
208 
245 
308 
298 
148 
242 
261 
122 
120 
263 
1 
42 
104 
104 
105 
222 
294 
226 
163 
120 
266 
22 
253 
322 
228 
22 
89 
221 
325 
68 
119 
18 
78 
65 
144 
307 
175 
227 
72 
186 
135 
245 
23 
261 
320 
181 
122 
25 
178 
216 
164 
229 
181 
110 
129 
51 
25 
60 
95 
26 
218 
234 
212 
202 
275 
6 
252 
217 
323 
56 
58 
287 
317 
188 
81 
285 
61 
273 
62 
149 
142 
125 
268 
131 
87 
147 
70 
189 
66 
196 
262 
289 
177 
143 
269 
299 
10 
217 
266 
225 
79 
42 
11 
146 
282 
18 
151 
275 
238 
23 
101 
151 
284 
65 
214 
31 
109 
164 
58 
212 
35 
156 
179 
29 
280 
302 
162 
117 
268 
122 
32 
213 
207 
265 
104 
310 
105 
246 
92 
74 
93 
146 
136 
89 
180 
79 
288 
142 
15 
287 
127 
103 
72 
250 
307 
239 
244 
325 
142 
295 
201 
54 
271 
73 
132 
240 
233 
190 
323 
0 
310 
190 
150 
140 
117 
198 
196 
138 
4 
33 
196 
79 
36 
13 
126 
63 
10 
288 
86 
249 
185 
6 
76 
275 
278 
34 
231 
232 
17 
28 
294 
303 
111 
159 
243 
251 
45 
229 
174 
139 
76 
267 
32 
176 
248 
272 
277 
89 
180 
207 
117 
202 
318 
236 
294 
321 
218 
8 
192 
269 
109 
239 
166 
138 
3 
182 
180 
162 
299 
108 
89 
239 
123 
106 
178 
324 
295 
71 
83 
97 
282 
39 
291 
76 
289 
180 
78 
310 
145 
245 
5 
141 
232 
102 
219 
59 
51 
144 
61 
302 
327 
264 
52 
190 
304 
132 
280 
35 
88 
86 
220 
111 
326 
165 
205 
182 
228 
187 
95 
289 
326 
24 
280 
63 
158 
52 
211 
215 
210 
266 
288 
210 
283 
316 
303 
6 
13 
283 
280 
223 
246 
184 
183 
83 
210 
320 
78 
270 
315 
129 
162 
234 
263 
268 
288 
9 
38 
43 
34 
34 
318 
124 
244 
172 
46 
56 
235 
282 
168 
179 
86 
254 
125 
79 
260 
221 
46 
250 
100 
181 
125 
48 
230 
49 
326 
276 
252 
51 
77 
204 
39 
178 
106 
290 
269 
240 
199 
107 
28 
228 
264 
106 
236 
243 
120 
315 
213 
8 
160 
39 
102 
175 
268 
164 
52 
220 
117 
12 
37 
20 
199 
181 
57 
258 
170 
31 
14 
229 
68 
282 
324 
298 
12 
33 
249 
71 
17 
297 
266 
162 
112 
107 
212 
279 
96 
212 
175 
181 
109 
104 
131 
170 
56 
125 
50 
138 
15 
268 
83 
46 
12 
242 
259 
216 
319 
265 
272 
35 
312 
262 
121 
23 
4 
231 
200 
281 
319 
103 
292 
276 
8 
208 
10 
191 
4 
29 
114 
268 
12 
288 
67 
19 
112 
148 
84 
290 
15 
137 
93 
201 
240 
292 
268 
168 
152 
199 
132 
64 
65 
251 
230 
122 
62 
319 
101 
192 
123 
64 
152 
41 
96 
49 
182 
241 
177 
9 
187 
101 
111 
303 
123 
69 
71 
315 
20 
118 
105 
134 
45 
258 
146 
258 
278 
247 
77 
112 
145 
49 
217 
245 
197 
92 
86 
172 
283 
239 
62 
5 
101 
142 
194 
116 
89 
214 
124 
107 
134 
307 
284 
171 
270 
272 
119 
231 
201 
125 
76 
258 
182 
55 
139 
106 
90 
326 
17 
303 
197 
290 
4 
166 
150 
179 
67 
253 
15 
321 
118 
272 
189 
115 
10 
128 
129 
267 
245 
120 
225 
141 
297 
126 
219 
269 
125 
12 
132 
251 
140 
104 
47 
106 
290 
40 
137 
232 
74 
86 
219 
167 
147 
279 
224 
159 
134 
160 
218 
164 
183 
51 
56 
280 
210 
78 
233 
186 
131 
173 
101 
284 
265 
224 
252 
150 
277 
2 
324 
252 
120 
313 
9 
277 
29 
97 
84 
3 
82 
104 
124 
307 
296 
326 
186 
129 
153 
161 
171 
50 
166 
318 
236 
118 
89 
17 
219 
317 
26 
277 
124 
116 
324 
327 
298 
285 
292 
196 
76 
120 
150 
138 
58 
148 
16 
106 
258 
186 
27 
101 
275 
195 
288 
22 
256 
27 
180 
153 
307 
269 
306 
277 
65 
288 
40 
189 
4 
244 
200 
241 
311 
260 
193 
118 
197 
213 
139 
40 
49 
221 
275 
292 
103 
65 
282 
18 
9 
214 
10 
5 
187 
89 
298 
248 
153 
173 
144 
297 
307 
300 
55 
67 
50 
97 
285 
241 
36 
139 
198 
294 
122 
262 
242 
154 
164 
181 
310 
230 
136 
156 
250 
267 
157 
278 
219 
278 
201 
90 
90 
79 
62 
35 
206 
13 
327 
220 
54 
58 
19 
309 
108 
227 
192 
262 
145 
102 
283 
171 
256 
100 
97 
240 
145 
2 
155 
119 
7 
304 
153 
287 
203 
279 
62 
107 
75 
263 
14 
160 
2 
115 
234 
217 
161 
26 
108 
105 
90 
232 
251 
82 
58 
226 
141 
126 
141 
251 
89 
298 
308 
109 
89 
282 
39 
17 
82 
282 
114 
194 
82 
34 
190 
309 
83 
103 
45 
52 
177 
258 
68 
323 
158 
56 
31 
73 
325 
60 
243 
101 
165 
281 
182 
306 
218 
180 
26 
59 
198 
92 
174 
9 
326 
214 
240 
222 
245 
299 
156 
186 
187 
133 
286 
163 
63 
326 
215 
260 
181 
213 
14 
284 
228 
285 
47 
42 
231 
12 
150 
200 
125 
144 
155 
90 
17 
17 
313 
103 
61 
248 
284 
153 
55 
55 
182 
208 
322 
232 
43 
270 
30 
31 
217 
235 
95 
287 
50 
277 
276 
65 
285 
245 
204 
153 
10 
5 
198 
1 
133 
209 
150 
137 
272 
182 
164 
274 
66 
268 
278 
193 
314 
88 
326 
199 
191 
51 
206 
32 
57 
180 
310 
229 
192 
8 
89 
255 
69 
155 
81 
322 
293 
152 
118 
250 
12 
20 
42 
316 
134 
161 
224 
62 
237 
202 
20 
19 
146 
170 
315 
11 
315 
76 
92 
320 
176 
297 
60 
21 
60 
131 
319 
83 
291 
211 
196 
303 
104 
243 
10 
289 
143 
47 
97 
113 
55 
288 
158 
32 
177 
56 
145 
152 
137 
138 
173 
83 
100 
293 
37 
99 
87 
25 
60 
280 
168 
19 
255 
107 
216 
291 
190 
231 
63 
94 
131 
56 
64 
199 
286 
51 
270 
167 
45 
148 
202 
56 
251 
174 
43 
168 
238 
246 
308 
103 
226 
201 
178 
201 
138 
221 
67 
106 
186 
106 
82 
151 
198 
21 
283 
289 
78 
149 
295 
314 
6 
112 
254 
22 
159 
195 
299 
106 
195 
311 
275 
152 
231 
44 
137 
85 
309 
310 
83 
131 
59 
135 
272 
80 
144 
231 
125 
102 
327 
322 
12 
321 
313 
246 
88 
76 
190 
4 
66 
301 
63 
234 
249 
130 
279 
263 
75 
315 
221 
135 
86 
0 
6 
141 
268 
79 
109 
18 
41 
13 
320 
169 
49 
19 
239 
194 
207 
101 
115 
42 
68 
301 
296 
48 
211 
172 
52 
257 
238 
240 
280 
201 
276 
177 
28 
201 
245 
31 
204 
117 
201 
241 
133 
203 
267 
235 
11 
16 
182 
159 
166 
23 
261 
320 
6 
207 
195 
256 
19 
9 
102 
199 
202 
124 
248 
317 
260 
321 
267 
154 
180 
42 
174 
199 
302 
205 
89 
166 
149 
194 
289 
154 
52 
246 
160 
256 
240 
272 
287 
209 
128 
86 
15 
213 
5 
269 
307 
248 
314 
109 
284 
22 
86 
57 
235 
128 
186 
215 
132 
4 
164 
317 
203 
166 
271 
281 
152 
14 
48 
225 
296 
33 
132 
1 
212 
315 
327 
106 
150 
302 
263 
82 
134 
203 
268 
191 
54 
115 
261 
201 
247 
278 
188 
67 
302 
121 
144 
283 
182 
168 
88 
140 
81 
228 
244 
176 
160 
220 
139 
185 
182 
0 
312 
32 
199 
291 
57 
236 
9 
93 
150 
60 
174 
217 
323 
203 
34 
120 
107 
7 
83 
317 
5 
183 
209 
160 
157 
309 
197 
308 
21 
160 
206 
20 
147 
5 
92 
219 
66 
76 
199 
172 
267 
270 
192 
41 
314 
263 
210 
109 
75 
121 
232 
72 
67 
285 
315 
25 
22 
23 
219 
316 
193 
110 
72 
233 
239 
305 
295 
258 
220 
16 
121 
304 
177 
257 
143 
312 
202 
207 
50 
209 
95 
235 
234 
35 
184 
141 
84 
191 
126 
183 
10 
316 
189 
203 
13 
28 
211 
180 
197 
33 
87 
125 
306 
292 
231 
30 
83 
288 
325 
84 
141 
59 
19 
218 
243 
165 
237 
194 
236 
219 
231 
270 
227 
65 
167 
44 
310 
276 
146 
117 
55 
162 
186 
235 
25 
109 
259 
181 
281 
221 
6 
38 
134 
129 
162 
194 
294 
103 
75 
323 
233 
170 
234 
21 
99 
311 
255 
314 
314 
61 
261 
205 
14 
292 
24 
273 
238 
233 
224 
248 
242 
48 
178 
305 
61 
77 
315 
214 
313 
154 
171 
172 
240 
280 
165 
85 
57 
175 
224 
147 
82 
275 
249 
133 
108 
78 
58 
256 
320 
2 
223 
24 
10 
41 
104 
228 
4 
67 
75 
260 
113 
308 
312 
133 
150 
305 
185 
57 
89 
100 
140 
81 
50 
21 
266 
172 
257 
169 
62 
295 
22 
243 
155 
214 
174 
155 
327 
228 
98 
105 
155 
241 
50 
236 
257 
33 
230 
171 
264 
113 
73 
210 
39 
90 
49 
213 
272 
197 
267 
243 
104 
262 
131 
314 
57 
142 
226 
28 
47 
161 
199 
47 
90 
320 
37 
275 
58 
121 
148 
311 
175 
32 
100 
313 
254 
241 
291 
301 
33 
7 
162 
314 
222 
125 
175 
79 
96 
40 
201 
293 
74 
303 
217 
248 
205 
265 
206 
118 
66 
81 
274 
18 
151 
176 
148 
225 
104 
36 
54 
236 
103 
316 
178 
79 
98 
271 
59 
229 
246 
72 
23 
280 
203 
39 
110 
256 
300 
96 
245 
121 
274 
19 
48 
70 
233 
180 
85 
102 
187 
54 
306 
145 
187 
127 
114 
228 
35 
194 
68 
319 
284 
1 
157 
314 
199 
157 
218 
120 
311 
90 
59 
325 
316 
132 
273 
110 
267 
262 
319 
109 
90 
309 
101 
0 
122 
9 
308 
151 
308 
138 
210 
79 
122 
172 
299 
72 
123 
229 
276 
63 
306 
127 
97 
124 
122 
52 
164 
281 
229 
243 
164 
95 
23 
255 
183 
274 
206 
131 
6 
231 
176 
109 
219 
65 
134 
206 
35 
229 
6 
241 
68 
155 
158 
12 
37 
235 
249 
161 
297 
246 
232 
197 
131 
245 
164 
89 
34 
305 
216 
265 
305 
206 
181 
208 
203 
29 
170 
306 
148 
156 
176 
278 
87 
311 
201 
135 
101 
73 
238 
278 
317 
169 
193 
127 
291 
100 
6 
105 
173 
260 
61 
110 
224 
152 
175 
299 
326 
221 
212 
275 
324 
217 
274 
184 
221 
294 
247 
161 
72 
46 
256 
311 
248 
60 
162 
294 
274 
195 
324 
30 
185 
153 
111 
275 
307 
156 
311 
10 
145 
83 
50 
175 
138 
134 
239 
226 
82 
40 
241 
7 
273 
247 
110 
265 
164 
105 
321 
230 
256 
91 
221 
12 
36 
170 
213 
317 
4 
313 
53 
45 
252 
216 
261 
320 
36 
291 
307 
106 
315 
315 
262 
177 
262 
121 
234 
232 
193 
7 
4 
51 
295 
15 
82 
292 
68 
17 
20 
47 
289 
75 
147 
217 
307 
82 
245 
299 
20 
102 
28 
275 
308 
93 
192 
118 
138 
108 
46 
73 
183 
298 
316 
130 
14 
204 
258 
219 
23 
229 
303 
188 
59 
214 
324 
103 
23 
300 
190 
285 
312 
301 
230 
293 
152 
161 
49 
191 
215 
1 
245 
65 
35 
48 
200 
111 
230 
250 
91 
219 
18 
207 
325 
80 
63 
202 
283 
28 
144 
27 
91 
52 
35 
320 
74 
137 
320 
167 
310 
27 
39 
261 
190 
253 
30 
137 
45 
223 
11 
83 
200 
152 
223 
177 
138 
304 
282 
176 
24 
82 
157 
230 
72 
284 
166 
259 
1 
209 
23 
263 
276 
171 
27 
48 
189 
115 
170 
310 
44 
297 
278 
299 
191 
300 
203 
215 
257 
55 
259 
284 
167 
118 
254 
86 
68 
282 
260 
227 
92 
15 
164 
120 
34 
111 
156 
169 
194 
209 
183 
157 
196 
90 
202 
192 
293 
54 
231 
241 
16 
99 
76 
29 
321 
82 
24 
255 
